1578847771,0
2196737617,1
1944287338,2
1631668669,3
1440220229,4
2991422348,5
2311410767,6
601746211,7
1654389889,8
934497298,9
2253987429,10
1947461537,11
1905338132,12
2678974196,13
1418025506,14
2867515082,15
2160971283,16
2059932786,17
1450666371,18
312038789,19
1696697259,20
1678733361,21
1922359166,22
627519948,23
1483712995,24
1462299456,25
1713559034,26
1820450915,27
2037888055,28
1662147659,29
1696500989,30
1925362930,31
580305609,32
1190174877,33
32754651,34
1650972728,35
234422986,36
2207854655,37
2216794716,38
2240081642,39
1281430749,40
2309902731,41
1518165603,42
513989091,43
1417693174,44
1513547146,45
2075279484,46
1034467030,47
1256578745,48
1702392757,49
1444267024,50
2808681316,51
1942714738,52
2143942255,53
1658423757,54
2312544720,55
1485290116,56
1799601179,57
2669747083,58
2201615316,59
1767586974,60
1947440924,61
1423341015,62
1269329056,63
1934283062,64
198917118,65
1706314531,66
2493594055,67
2110409741,68
430788922,69
1716604123,70
2323668717,71
2364869224,72
1926941925,73
2031866710,74
1565723798,75
1119185897,76
2011646454,77
2266026058,78
1699220963,79
2716985709,80
2209635112,81
2942436867,82
578155220,83
1979555141,84
1006239842,85
1457038481,86
2685288068,87
1798729952,88
1362507259,89
1113045952,90
1908994482,91
2228526598,92
2194393157,93
1600530215,94
1441066896,95
2895150055,96
1209927609,97
2981878329,98
309278214,99
1808947226,100
2104472138,101
1723590721,102
2683442919,103
372143651,104
1991170046,105
1997836860,106
1548921160,107
2246376054,108
2977963920,109
2347657146,110
2039343419,111
209740912,112
2180218910,113
1520781980,114
1712305321,115
791863630,116
2201787317,117
2958800080,118
1652238769,119
1791599350,120
461408743,121
1659744180,122
1504940137,123
1678931314,124
2230544577,125
772935326,126
709404721,127
1755359233,128
1582151723,129
2983969301,130
2319177241,131
2938362333,132
1531894661,133
1532131125,134
2204672820,135
1558651498,136
2462337142,137
1784667613,138
1630719895,139
2771734551,140
2868933652,141
2953410514,142
2112366731,143
2355204396,144
2255049018,145
2341838178,146
1788359115,147
1713330826,148
2101108482,149
2176165994,150
1609384371,151
2936826406,152
2270512916,153
1397183615,154
2003725221,155
1629797124,156
2053525676,157
1683644813,158
2127383354,159
2324881359,160
2671743550,161
2138426864,162
1522346033,163
2990109302,164
1986589931,165
2157367150,166
2033458299,167
1722945495,168
2059378586,169
2960022192,170
1492451010,171
1552807805,172
2929362774,173
1772369210,174
1603761672,175
2244215160,176
1613405968,177
285219216,178
2921367548,179
2355075735,180
1668674278,181
1641588685,182
1178090990,183
1514319076,184
981858142,185
1913025826,186
1562772748,187
1567221891,188
2153680407,189
2262734821,190
2275474100,191
1703064275,192
1927483235,193
804700841,194
651305909,195
1243415900,196
1517215048,197
1364174367,198
2713455527,199
1552304589,200
639776451,201
1479200698,202
2963791057,203
1465884087,204
1084203644,205
1369898083,206
964573748,207
2533615554,208
1942279137,209
1712827065,210
1669585284,211
1913334344,212
2243558154,213
1542555094,214
1703299429,215
2166188229,216
1547758573,217
1811304568,218
2104618012,219
1508012151,220
2144527170,221
2280746425,222
1381974286,223
265625018,224
2175758141,225
1001349446,226
2309524336,227
2082761375,228
2024145470,229
2034458971,230
1784764642,231
2040659008,232
2030069584,233
560062956,234
2979602621,235
1709945931,236
1742249608,237
2463529836,238
1901175961,239
2136517624,240
1698226394,241
2099430003,242
1400410507,243
1787662634,244
542184924,245
1938841699,246
1064718116,247
630541204,248
2599078210,249
2078886434,250
1511505892,251
1395786456,252
2182852075,253
2961576337,254
1209438124,255
2188565223,256
1441187199,257
728171670,258
1964409532,259
2082040136,260
1497495257,261
1938244031,262
1953843880,263
1392053048,264
782662662,265
982905426,266
2063074441,267
2028367048,268
2977454681,269
1313808611,270
1272369418,271
2053256471,272
1913248310,273
2024334848,274
1694224151,275
2061871663,276
2534366984,277
2128930565,278
1567817497,279
1645471837,280
1557631364,281
536644849,282
1636457481,283
1768814635,284
1436546923,285
1443501780,286
2355536435,287
2093708423,288
2033089452,289
2002872475,290
709904398,291
2023475858,292
2215876064,293
2095410679,294
1060263135,295
2202510851,296
1474646695,297
1437019802,298
1926083359,299
1476739163,300
2203100076,301
1736818771,302
2233836585,303
1386368470,304
1772660795,305
1939217495,306
1716463258,307
2337209380,308
1730368196,309
1627869679,310
1176414460,311
1246213068,312
649538215,313
1990317841,314
1749971745,315
1483351469,316
1704170419,317
51485243,318
2990966443,319
786379978,320
1681786314,321
1540241890,322
2347079282,323
1454268599,324
2064344398,325
1001748712,326
3009029897,327
1782400411,328
2052530330,329
1704241559,330
2143679491,331
2109087553,332
2313501627,333
1519328211,334
1482497030,335
1818301533,336
2155085729,337
1994494075,338
2014694968,339
2361183417,340
1506589856,341
1353652617,342
1649388677,343
1571133144,344
32401475,345
1466904039,346
2015829726,347
1595151396,348
1111241451,349
2188517293,350
1695815621,351
1392820312,352
1442749053,353
1918319744,354
1559757198,355
1037635018,356
1907632219,357
2097047870,358
2239600819,359
1682584132,360
672010133,361
1706848137,362
2214797868,363
2151121121,364
1151041706,365
2714983803,366
2265067523,367
1572541829,368
1729376669,369
1746819421,370
2309158654,371
2218544420,372
1281221435,373
1648208749,374
1486071629,375
2284175669,376
2024823386,377
2089569883,378
1314628914,379
2933045288,380
1372343171,381
2070328655,382
2729537104,383
2965455599,384
1938872079,385
1634673281,386
1516773884,387
1291701756,388
1539583082,389
439434475,390
1987801139,391
2307491999,392
2066115267,393
2362230188,394
2364232006,395
2358252889,396
1900329621,397
624716160,398
2217778284,399
1814080038,400
1505015362,401
1445785524,402
1999617612,403
1420075433,404
1777744159,405
505438163,406
2550081982,407
2227640731,408
2313016613,409
824985181,410
2069012438,411
1782708594,412
2048295935,413
2887626163,414
2222659147,415
2870458114,416
1622802240,417
1707559329,418
497516068,419
2348667175,420
2875485025,421
2135523652,422
1633443762,423
1194359152,424
2640265703,425
38397590,426
1337094792,427
1156580832,428
2794158075,429
1472327143,430
1551943320,431
2259198880,432
1723116116,433
2461481723,434
1267145975,435
3064230720,436
2354553474,437
1607199385,438
2056707122,439
1739489397,440
1588612392,441
2141463652,442
2578977828,443
2081171187,444
1791577490,445
1414039128,446
1901335692,447
1900023088,448
1447084973,449
1571457295,450
1606783875,451
1940041408,452
1766622901,453
2234306849,454
1586462039,455
443087924,456
1473711736,457
2163988355,458
738305632,459
1614874564,460
1546357755,461
2844055496,462
219749423,463
1919443879,464
2671160115,465
2084942677,466
2928622024,467
2201340974,468
1448204535,469
1429619270,470
1089824671,471
1498496941,472
818907868,473
1547712037,474
560811507,475
2340386988,476
1835217806,477
1924706331,478
1798966892,479
1255673614,480
1258299463,481
1638541128,482
1695163597,483
2094929996,484
2212856982,485
1606015296,486
2162661499,487
1245485393,488
2089047340,489
1563675559,490
2132476838,491
1222870911,492
1646130852,493
2206013340,494
2079651323,495
2579825995,496
2199903863,497
1653937757,498
1587433662,499
2869113505,500
969432048,501
1312602615,502
1508816977,503
601145509,504
2207646593,505
2208962630,506
1603996033,507
32788841,508
2055065091,509
1507213061,510
803371322,511
1546460634,512
1213086812,513
1177367815,514
3069069284,515
2269309695,516
1912498505,517
1569739055,518
2300862921,519
1759220512,520
2947332444,521
1419682090,522
1556278956,523
1575532030,524
2228925175,525
1647435567,526
2166549462,527
2930671620,528
1657488616,529
622954718,530
1332226335,531
2220189334,532
846968601,533
791887018,534
1581631840,535
1233066698,536
2238561577,537
1438779087,538
1615351901,539
1409181182,540
1017523016,541
2318452510,542
604792369,543
2811770524,544
2259062875,545
1638292016,546
1620004639,547
386841977,548
32093603,549
2266823815,550
1979416806,551
2010740866,552
1602718122,553
2263275665,554
2950400764,555
1758927743,556
1507349772,557
1583514759,558
1719282145,559
281110356,560
1636532577,561
2935018150,562
762444176,563
1312287875,564
1929959318,565
1514909691,566
1960643809,567
1511009691,568
1697435393,569
1581033895,570
2125272595,571
2291929894,572
2258427726,573
2202029928,574
1799279500,575
1044341411,576
1787408019,577
2218099498,578
1986775226,579
2011546603,580
494304260,581
1708452509,582
1653526033,583
1685406854,584
1529187047,585
2070438823,586
1445090100,587
1832980152,588
860501077,589
1946999413,590
2055714001,591
1277829972,592
2257538562,593
2255401900,594
2200810378,595
1693422749,596
1719209893,597
2958534484,598
2072234066,599
1627091654,600
1091201802,601
39937449,602
2113466252,603
1589290453,604
1285303418,605
1610738733,606
1475662338,607
2308105300,608
1938324852,609
1338477876,610
2228260332,611
1369317953,612
1637181944,613
1414176303,614
2022343845,615
2070252848,616
1985210488,617
1107551694,618
2326714403,619
1521453184,620
2079902407,621
1209100734,622
440221829,623
452804281,624
587668106,625
1193137553,626
1578233542,627
2692302942,628
1942345310,629
1499152389,630
3017783485,631
1578711027,632
1253648830,633
603123330,634
2016274051,635
2939845265,636
1411200658,637
1657773661,638
2001343267,639
1998649140,640
1753592747,641
598023402,642
892030291,643
2241221575,644
2933095004,645
1521375783,646
1432992564,647
1660988301,648
2166727852,649
1794105868,650
2304547246,651
2219882728,652
1953327986,653
1988918512,654
519518646,655
3015188886,656
2130701050,657
1648291533,658
2455731169,659
2985200941,660
2124830266,661
2259153736,662
1412751029,663
1621143314,664
381976778,665
1726790066,666
828034656,667
2519609840,668
2277246223,669
1356348774,670
2043485777,671
2265151366,672
1706733129,673
2197682940,674
1607454983,675
1990875156,676
2235017411,677
1497958811,678
1173477058,679
366232029,680
599326095,681
1287978750,682
1419814874,683
817528563,684
1495334357,685
2178268963,686
2961057946,687
2286799439,688
1409035422,689
2103320691,690
2274823364,691
1552979497,692
1534289040,693
1479653801,694
2128652232,695
2901004895,696
2714961016,697
1343378882,698
1158565249,699
2047698552,700
1913679033,701
2119644442,702
280745694,703
1963889865,704
1562707360,705
1474554622,706
1587202678,707
1271562781,708
1523161440,709
1992217371,710
1325928380,711
2038192702,712
2177554066,713
1936692958,714
2352613735,715
2106677345,716
1678405087,717
813776769,718
1050287075,719
1943713734,720
1464708336,721
2005024490,722
1408646753,723
2902102631,724
560486960,725
1657424984,726
1406069631,727
2355745452,728
2078868871,729
50903603,730
1349256330,731
386195212,732
1416795984,733
1258606731,734
1109410854,735
672598309,736
510734246,737
2116495178,738
2376583429,739
1319703198,740
2001494758,741
1640731048,742
1423786152,743
2157419448,744
2064101091,745
1440008389,746
1742101828,747
2793153806,748
1949399206,749
2047424724,750
1545001710,751
2240738865,752
2266997853,753
1533118088,754
1177160640,755
1648947839,756
1697984188,757
2268837272,758
2151199429,759
1254117228,760
1118678851,761
47662615,762
1462876981,763
1582608881,764
2306658883,765
1905326329,766
1916311538,767
1933149845,768
1556047853,769
1594015106,770
272893809,771
1526394033,772
1981844785,773
1273270687,774
1530684435,775
1764436993,776
2036351438,777
484876230,778
1673982085,779
2083021183,780
2283939120,781
1601156407,782
2977904226,783
1967824787,784
1717330791,785
1925709332,786
1290166101,787
2231238811,788
1243677235,789
2598581294,790
1933536646,791
2231850525,792
1973047319,793
2728920156,794
3004751359,795
1735972191,796
1481376709,797
1586199101,798
296967713,799
1400400055,800
2911569633,801
1831399193,802
2274468731,803
1667053017,804
2965020945,805
1614688346,806
2119379385,807
1941171326,808
2182838158,809
2092642453,810
2289831541,811
450726842,812
421799744,813
1680990851,814
2297456211,815
1741186682,816
1158430612,817
2010594371,818
1436380361,819
2032681331,820
1938912579,821
1697259318,822
2085040216,823
1255990126,824
1546027280,825
2043327593,826
1745620395,827
1414159099,828
535769057,829
2962880821,830
2980967322,831
2887969341,832
2153541690,833
1491477436,834
621646274,835
1983569900,836
1380095204,837
1545905063,838
3002818213,839
1189924009,840
2018838217,841
1707759953,842
2285602128,843
2461080002,844
1375273016,845
1449182504,846
2283115188,847
2024737143,848
1583396814,849
2018136576,850
2260724797,851
1561784421,852
612351425,853
1315173756,854
1664215230,855
1833401008,856
596332735,857
52362025,858
3019649930,859
2955253502,860
1713544071,861
2274616712,862
301096840,863
2877891976,864
1109866726,865
2876997318,866
2246271403,867
1497973986,868
1918322653,869
1570599228,870
1928272828,871
1524207636,872
1566409155,873
1720865865,874
2549878476,875
1954432674,876
1998509152,877
2277498566,878
1470366306,879
1564490686,880
560465777,881
1477105334,882
497087736,883
1379607438,884
1410817836,885
2206962636,886
1917961720,887
1342443067,888
1523193380,889
1973616862,890
1601401632,891
2311387375,892
2114836066,893
2072670096,894
1837733239,895
1528020438,896
1732848823,897
1984859685,898
2337024736,899
2230074605,900
2016446002,901
2530930322,902
2905006219,903
1731255246,904
2052615452,905
1907422518,906
486741138,907
2359554967,908
2304383146,909
2966155024,910
1936684367,911
2875877649,912
2871422668,913
2064363692,914
2987849661,915
1716727994,916
1452762093,917
1458302646,918
1981864168,919
1628099168,920
2302179294,921
1452926393,922
2176897080,923
1438956211,924
2164237499,925
1952970309,926
1947916898,927
2048871962,928
2642990684,929
528672930,930
2859860931,931
2991173132,932
1701877585,933
2211655772,934
1970659328,935
2107062317,936
1760363909,937
2383483044,938
1528784234,939
1743649625,940
1533028328,941
1492992659,942
2223118800,943
1506365048,944
1691990066,945
2311105553,946
1700153466,947
2171607468,948
1418592941,949
1503475458,950
2188790479,951
1595253429,952
1986765449,953
2166318623,954
1655489887,955
1757655488,956
639880831,957
2055828403,958
2097884925,959
1288086777,960
2077703036,961
1725865296,962
1177049760,963
1053239456,964
2258020184,965
1728996755,966
1711061465,967
2432714714,968
2024981730,969
2349458246,970
1784786515,971
2148188860,972
1697914933,973
1137191354,974
1455260637,975
1951606846,976
1988926213,977
1425200446,978
2619361458,979
1959257592,980
1250199642,981
2272218552,982
2160898906,983
2130179656,984
2367482906,985
2110125261,986
2227359674,987
2935783831,988
2263536851,989
2485169555,990
1604316379,991
1588925947,992
2105660768,993
1684511649,994
2051227836,995
1279616570,996
2219855913,997
1421218564,998
2272624803,999
753738624,1000
1493823435,1001
1518028199,1002
1449123519,1003
955113412,1004
1220253377,1005
2310741658,1006
823849524,1007
1907086174,1008
1166954589,1009
2940544298,1010
2357603559,1011
1752557396,1012
1170480650,1013
2217454055,1014
1710922584,1015
1096100937,1016
1923179933,1017
2962854303,1018
1827350733,1019
819135358,1020
1534677642,1021
795890901,1022
2211554161,1023
1741751332,1024
1937083342,1025
2520283870,1026
1494023094,1027
1790718399,1028
2261379413,1029
2312345793,1030
2142805568,1031
2107890200,1032
2128246799,1033
2894822660,1034
2413456865,1035
667796489,1036
2208506747,1037
1334905887,1038
1959251984,1039
2345407906,1040
2107770290,1041
540832604,1042
229009716,1043
2086474629,1044
2099143122,1045
1181598969,1046
1579921545,1047
2533384235,1048
1974417407,1049
2892725318,1050
1506579681,1051
1512067058,1052
2329180094,1053
1830827866,1054
2955767295,1055
2380624957,1056
2258013104,1057
1960265685,1058
2960970298,1059
1740787192,1060
1900860804,1061
1735068788,1062
559006091,1063
2053294673,1064
1688794889,1065
2273523411,1066
2119350453,1067
1291073283,1068
2237919299,1069
1799651784,1070
1957669110,1071
1593340921,1072
221609372,1073
1976241037,1074
1761757307,1075
347345628,1076
2965518211,1077
1400276774,1078
2270058557,1079
1573375332,1080
1664967280,1081
51186809,1082
1803538571,1083
1586168143,1084
2782845961,1085
1747647480,1086
1938476399,1087
2980823237,1088
2071323068,1089
2203978093,1090
532347883,1091
2330083041,1092
2256526649,1093
1232383165,1094
1807654470,1095
1293929543,1096
1738243327,1097
1130415423,1098
1689466275,1099
1274046283,1100
1985795993,1101
1467759238,1102
1324448908,1103
1412605905,1104
1486715403,1105
1452105035,1106
1992906122,1107
1652147706,1108
1983430557,1109
531360746,1110
1910366362,1111
1515094144,1112
1750805459,1113
2253400088,1114
2209341111,1115
1261280683,1116
439646647,1117
1486312263,1118
1927289805,1119
1543152239,1120
1399177485,1121
1692651908,1122
1381548220,1123
1349298631,1124
1133419106,1125
1767407362,1126
2997465155,1127
1126400644,1128
2043805586,1129
2873170439,1130
1197572342,1131
612357179,1132
1100631198,1133
1010325704,1134
2254903372,1135
457549957,1136
1592883337,1137
1744668422,1138
2280773852,1139
1690973137,1140
2142532126,1141
846158535,1142
1581487308,1143
1688941195,1144
649703610,1145
1929141003,1146
1253044738,1147
1706229457,1148
1462012776,1149
1508394501,1150
2108745279,1151
2343954941,1152
1607070783,1153
1984883234,1154
1554084846,1155
1025455445,1156
1948411914,1157
2100745431,1158
3059432955,1159
1916030021,1160
2175425540,1161
1718882591,1162
2304190077,1163
1492551150,1164
1449569709,1165
1340326820,1166
1560494818,1167
200242852,1168
1553785339,1169
1917753823,1170
1414757791,1171
2164876840,1172
1566187313,1173
1937019436,1174
2116909975,1175
1901672256,1176
35643443,1177
1907736456,1178
1952615870,1179
1649432392,1180
1426293456,1181
1638532148,1182
1553416444,1183
464461826,1184
758193496,1185
2033012214,1186
1571119702,1187
2968084308,1188
1017662864,1189
2157906988,1190
1556673401,1191
1524391719,1192
294414729,1193
366924210,1194
2268618561,1195
1604620580,1196
524655047,1197
2256441916,1198
1947405147,1199
2087946603,1200
2301609865,1201
2464317675,1202
483053389,1203
457190635,1204
1972931730,1205
1415791211,1206
1631828644,1207
2188627318,1208
2413483772,1209
2268320468,1210
2205891427,1211
1903577434,1212
650873147,1213
1228080842,1214
1676818839,1215
1714803890,1216
1238127226,1217
1335238335,1218
459103765,1219
2121888783,1220
1987493404,1221
1432282594,1222
2306617419,1223
1208050453,1224
631294787,1225
2969718228,1226
1741662253,1227
2246251116,1228
2087449328,1229
518098365,1230
2321646558,1231
1711820089,1232
1654964908,1233
493562956,1234
2651220090,1235
1997603188,1236
1566411623,1237
2318485614,1238
544253834,1239
1985423277,1240
1655502546,1241
1203384221,1242
2353158842,1243
1635542910,1244
1574320310,1245
2231144019,1246
2942824063,1247
1452083106,1248
2229740651,1249
2202183906,1250
1106828237,1251
1673559161,1252
2351398149,1253
1682325612,1254
1187667650,1255
1508386249,1256
2253754016,1257
1636495168,1258
1573330614,1259
1552774195,1260
2221497646,1261
2126150135,1262
1696703081,1263
1833387366,1264
1532604892,1265
723148824,1266
835801148,1267
1697360215,1268
1421280975,1269
1468853106,1270
1108723133,1271
947247216,1272
2171151420,1273
2141588063,1274
1994491565,1275
1595293820,1276
2096332984,1277
1544571046,1278
2088409090,1279
2050365100,1280
2264109155,1281
1428488150,1282
2105959325,1283
1429492416,1284
733758900,1285
1553532578,1286
1651973674,1287
1024386860,1288
2428619243,1289
1605320096,1290
1485762743,1291
2092401203,1292
2238044164,1293
1650638652,1294
1528954649,1295
1546560670,1296
1964660177,1297
1511469934,1298
2042223175,1299
144246523,1300
2315367833,1301
1907493658,1302
1658021028,1303
2044582728,1304
1780802899,1305
1823053054,1306
2380629402,1307
727873432,1308
353806793,1309
1634182795,1310
1741588627,1311
1502766648,1312
2114658920,1313
1664230027,1314
1708019737,1315
974739135,1316
655999411,1317
895079204,1318
1093675653,1319
1623249612,1320
1428645678,1321
1352423398,1322
2519951980,1323
589661928,1324
795451853,1325
1650950089,1326
1390315099,1327
1977860029,1328
1375393250,1329
2580158399,1330
1699205118,1331
1797380448,1332
1646782178,1333
1699270925,1334
34752237,1335
1467717618,1336
2204671370,1337
2206495347,1338
1623015887,1339
10285536,1340
2362521286,1341
2372135669,1342
1015053703,1343
2229465122,1344
2219484384,1345
1952764354,1346
2059075570,1347
1983021739,1348
1746047551,1349
2997400141,1350
1605823128,1351
1346885984,1352
2905166682,1353
1696482189,1354
1992177598,1355
1681784026,1356
1475734137,1357
1943031077,1358
2005272592,1359
1623785791,1360
2527379297,1361
2103562678,1362
837541932,1363
1312813548,1364
2939476506,1365
2338921992,1366
2887292624,1367
2348327586,1368
2158790621,1369
1798942798,1370
398840974,1371
1433488897,1372
1667041362,1373
2236066161,1374
1796363633,1375
1149664708,1376
2763023594,1377
485897835,1378
1465848889,1379
2130498202,1380
1566821094,1381
1237281664,1382
1483634209,1383
2350398515,1384
2910868307,1385
2259105173,1386
2052230979,1387
1612939879,1388
2877519660,1389
2519799205,1390
2056636820,1391
1777541255,1392
2304964380,1393
995297917,1394
2314711611,1395
1722517108,1396
1659088397,1397
1767613304,1398
2002340770,1399
1609385023,1400
1910721366,1401
1715178266,1402
2577254319,1403
1652233393,1404
1098687103,1405
1829906223,1406
2132675100,1407
2216686092,1408
1552259668,1409
1577143783,1410
1627709812,1411
536265859,1412
2829896118,1413
675261831,1414
1419451251,1415
2270924079,1416
454700937,1417
1759119173,1418
1501706384,1419
1690551457,1420
1446514419,1421
2075802418,1422
1806071361,1423
2402550293,1424
1097690387,1425
1590791552,1426
1273090057,1427
32072614,1428
1427782753,1429
2068054749,1430
1371239652,1431
1236994136,1432
2190761737,1433
1561567982,1434
996571825,1435
1542444248,1436
1189727319,1437
1767125975,1438
2952660699,1439
617501304,1440
1943359216,1441
1930370544,1442
2241034086,1443
1571271948,1444
1552203437,1445
2052265044,1446
2102647895,1447
996050287,1448
2282130543,1449
631225458,1450
1744321590,1451
2227243305,1452
960412025,1453
1822274942,1454
2268042491,1455
330975129,1456
1191522657,1457
2959583319,1458
1346211507,1459
1834173913,1460
267326944,1461
1497848476,1462
2358315225,1463
1556046466,1464
2046070720,1465
1702001903,1466
1694152821,1467
1456837811,1468
404774758,1469
1527015486,1470
2179239106,1471
1455397655,1472
2118231098,1473
1032725429,1474
843338779,1475
1520802347,1476
1512170959,1477
1940904561,1478
1647588054,1479
418603592,1480
2257115131,1481
2354645536,1482
1665105992,1483
1664385492,1484
1688257949,1485
769236847,1486
1975455674,1487
1703993943,1488
1681853685,1489
1498888866,1490
2695612188,1491
1343950287,1492
1722699944,1493
2199845676,1494
2877109263,1495
2090902290,1496
1918127174,1497
2958659226,1498
1581521998,1499
2124677937,1500
1435072463,1501
363701343,1502
2954422401,1503
473339891,1504
1441185396,1505
1768363960,1506
1216488773,1507
1979829589,1508
2782924387,1509
1594244907,1510
1648133099,1511
1130974152,1512
1471752439,1513
2049782722,1514
1572930500,1515
2188544410,1516
1835715377,1517
2534140533,1518
1643916188,1519
1695745166,1520
604323799,1521
2201304665,1522
2966824284,1523
2016827134,1524
1013235862,1525
2295918792,1526
897383991,1527
1523651471,1528
1565848305,1529
3006949809,1530
598733858,1531
2214109535,1532
2038088283,1533
2958339136,1534
2106379134,1535
1094899480,1536
1766557894,1537
1653233372,1538
1593891898,1539
2199809684,1540
2190426847,1541
2352299214,1542
2305859866,1543
1913317622,1544
1949703637,1545
2363777959,1546
2965081583,1547
381210548,1548
1383950395,1549
1579840654,1550
1682424385,1551
2111566661,1552
1459627736,1553
964160701,1554
2092621845,1555
2355979567,1556
2134101167,1557
382195223,1558
533231877,1559
2212922516,1560
610576494,1561
1552210254,1562
1470141855,1563
1526317661,1564
1145624872,1565
1559649967,1566
1218374516,1567
1960503181,1568
1549715507,1569
2047773991,1570
2357218709,1571
1803870864,1572
1741129351,1573
2359373214,1574
2113727401,1575
1929326272,1576
1678400107,1577
1499217292,1578
2437158124,1579
1364442829,1580
1700219693,1581
701280261,1582
31105119,1583
1530449937,1584
1643930094,1585
2263106401,1586
2197528628,1587
252548843,1588
1419387158,1589
2060892912,1590
812736722,1591
1425338562,1592
2227154540,1593
1638514638,1594
1289163875,1595
2148920826,1596
47430957,1597
2524670017,1598
1388971045,1599
1683867485,1600
1811084762,1601
1776657236,1602
2016538781,1603
2049889533,1604
1490815290,1605
1689281679,1606
1467495116,1607
1328375249,1608
1533728288,1609
1537843083,1610
1450026151,1611
2921203058,1612
1436971284,1613
1660591423,1614
2102165889,1615
3058796808,1616
1999573671,1617
1005928258,1618
1942905537,1619
2239242576,1620
2264510339,1621
1426672135,1622
1373104806,1623
1685068944,1624
2214050035,1625
2013487052,1626
1189814503,1627
1626815503,1628
1507210130,1629
1603678440,1630
2620819456,1631
1485329984,1632
2522936788,1633
1935463723,1634
2023173153,1635
2025348139,1636
2032300446,1637
2978229990,1638
1696727534,1639
2237099592,1640
1634330890,1641
1492859528,1642
2586540637,1643
962822689,1644
1317102210,1645
1636890437,1646
1578734052,1647
2085394778,1648
2520548017,1649
2112328456,1650
2945091839,1651
1723279362,1652
2082266610,1653
2956363359,1654
2014415333,1655
1541602722,1656
1610553608,1657
2048057012,1658
1099169450,1659
1616663667,1660
1349429919,1661
1372353170,1662
2993553515,1663
1679943984,1664
1210806461,1665
2320310010,1666
713272644,1667
412345698,1668
2272838817,1669
1680802887,1670
1769043563,1671
299307616,1672
2072332729,1673
33346406,1674
1492810919,1675
216129677,1676
910854531,1677
1667270982,1678
2052162684,1679
2324106301,1680
2162576395,1681
1423049088,1682
2091243228,1683
2788524875,1684
1286693895,1685
957209156,1686
1481447568,1687
2024049305,1688
2284234920,1689
1368634202,1690
2130421084,1691
2577529645,1692
1636825385,1693
1475061876,1694
2260094772,1695
2027258236,1696
1811240322,1697
1831467034,1698
196028635,1699
1403426300,1700
2298589084,1701
1566755186,1702
1606063614,1703
2728333046,1704
2141241141,1705
2814818473,1706
442528282,1707
1600012021,1708
1496639186,1709
602918529,1710
647584371,1711
1489457193,1712
2091107267,1713
325830829,1714
1474020895,1715
1565962526,1716
1124801483,1717
1600257709,1718
907723309,1719
1453111071,1720
1258379197,1721
1483683772,1722
1146368340,1723
2249076750,1724
2100441827,1725
2273350934,1726
385417330,1727
2159506593,1728
1657651360,1729
1777121890,1730
2189063888,1731
1439329347,1732
1932840926,1733
1465935728,1734
1537742228,1735
2251983890,1736
1963457111,1737
1728734564,1738
2020889445,1739
1621145439,1740
1485994432,1741
2276700069,1742
1576876924,1743
2022767526,1744
1732348456,1745
2129123130,1746
1246315510,1747
1499620143,1748
592289348,1749
743798932,1750
1218794169,1751
2059273452,1752
1613144822,1753
1573231187,1754
1599044123,1755
2929555071,1756
569327608,1757
1972306842,1758
564433890,1759
32090263,1760
1741292020,1761
1473031687,1762
1923544197,1763
952894622,1764
2322217936,1765
1736449360,1766
2273608458,1767
2147602972,1768
1700606762,1769
1901874079,1770
2165953260,1771
2017460151,1772
1254259709,1773
1976079299,1774
557467129,1775
1907874744,1776
1435873644,1777
1771125621,1778
1058679633,1779
1707405849,1780
1558770108,1781
1567093233,1782
1009474347,1783
3035634614,1784
2107124959,1785
1491306820,1786
1620661089,1787
645912488,1788
1999447299,1789
1174921121,1790
1584967519,1791
603096656,1792
2148049520,1793
1520403235,1794
2072967032,1795
1298458921,1796
2014268984,1797
2860166885,1798
1294758639,1799
1707505930,1800
2086291300,1801
1908210239,1802
2131037848,1803
2059362666,1804
2227912746,1805
1124500169,1806
2025487392,1807
1281913447,1808
2166074031,1809
1787685987,1810
1947680204,1811
1338521719,1812
1488038758,1813
2402404680,1814
2877343584,1815
1588786069,1816
1591569829,1817
2086359346,1818
1609335579,1819
2206368704,1820
1466919346,1821
1542636106,1822
1659963095,1823
2353230854,1824
2980569654,1825
2164136576,1826
1702367684,1827
1192810722,1828
1430758985,1829
194759983,1830
2680813872,1831
2312826934,1832
1409934660,1833
1387921756,1834
1598180995,1835
2524302721,1836
1765105800,1837
2710589590,1838
1902759675,1839
843408749,1840
2081673139,1841
1438905980,1842
1294463239,1843
2726075902,1844
1476107837,1845
1199101720,1846
2505665375,1847
1392347446,1848
1996345453,1849
532860980,1850
1391778947,1851
1578141064,1852
447082001,1853
1694205818,1854
732547861,1855
2509739294,1856
1008547821,1857
1814053361,1858
2019529815,1859
1685521721,1860
2325321272,1861
2148508216,1862
2816296116,1863
2049572269,1864
1997379618,1865
2150713891,1866
1992087020,1867
2123331544,1868
856993063,1869
1153134925,1870
2294690854,1871
2227007477,1872
2307248530,1873
1776423622,1874
1542610386,1875
2201469602,1876
1452045408,1877
1662863750,1878
974696602,1879
1478767859,1880
1579458060,1881
1654579445,1882
1512003024,1883
2324683201,1884
2119915179,1885
1769620439,1886
566365455,1887
2843797676,1888
609996445,1889
2292132889,1890
1373298077,1891
2312757386,1892
993675921,1893
2006207173,1894
1669244335,1895
1454067822,1896
1587460973,1897
1747435248,1898
1438859813,1899
1751042440,1900
2070550105,1901
2947305376,1902
1434726094,1903
1929823115,1904
1771619550,1905
2270233250,1906
2868636189,1907
2097507467,1908
1480117402,1909
1970434185,1910
2001450633,1911
1507629607,1912
1390636122,1913
1508376150,1914
1984522021,1915
2232577336,1916
1332665041,1917
2233882586,1918
2240926156,1919
1769442685,1920
2935434523,1921
1749970657,1922
1388091957,1923
1915050450,1924
2018708625,1925
1306214920,1926
1695148066,1927
1985465213,1928
2951207424,1929
1198676964,1930
1479306819,1931
1655274516,1932
1989751404,1933
1353151466,1934
1542540269,1935
2713402285,1936
2164362734,1937
868687078,1938
2032616874,1939
1446972938,1940
1066540875,1941
2229738544,1942
2215519575,1943
2094455682,1944
2086228955,1945
1746009808,1946
1500100893,1947
1240082259,1948
1482299208,1949
562238675,1950
2356340455,1951
2839357757,1952
2969055841,1953
480027576,1954
1408342490,1955
2968628428,1956
2215251125,1957
1524813518,1958
1148521281,1959
1987756671,1960
1151395609,1961
2284675958,1962
2295745514,1963
1678486693,1964
1225844786,1965
472774061,1966
416038069,1967
1025836615,1968
1510030480,1969
1993437227,1970
2252198104,1971
1655501406,1972
2251860793,1973
2046995282,1974
1775107682,1975
1077969950,1976
1476768120,1977
1946201529,1978
2264195819,1979
715029419,1980
855874664,1981
27132597,1982
1777649623,1983
1990142872,1984
2231923361,1985
16440694,1986
1593280898,1987
1931270105,1988
34965057,1989
1209913103,1990
1565112602,1991
1263547350,1992
2615180170,1993
2215348722,1994
2224606649,1995
1140060781,1996
1603205494,1997
340521944,1998
357432046,1999
1937458359,2000
2753251984,2001
1519778035,2002
1205040506,2003
2204685548,2004
1719169795,2005
1486200603,2006
1683243455,2007
1170079061,2008
2268280141,2009
1583180079,2010
1533824935,2011
528342119,2012
1236705389,2013
2104371994,2014
1330889898,2015
393254140,2016
1466868850,2017
723495307,2018
1481142985,2019
2328783703,2020
2129663635,2021
1734942722,2022
1701799897,2023
2887846073,2024
1568260987,2025
1510766014,2026
1584352685,2027
2881543578,2028
2199678641,2029
925199021,2030
1911690315,2031
2012181544,2032
2144137510,2033
2537434256,2034
2079622565,2035
2190073605,2036
1632079215,2037
1703778430,2038
1498500421,2039
1901487869,2040
2373384189,2041
2054407968,2042
1997740711,2043
1548206746,2044
1524711779,2045
1595915930,2046
2976056890,2047
1817990442,2048
1498418513,2049
1433188670,2050
2160267862,2051
2266617104,2052
1827040519,2053
41548954,2054
1975676261,2055
1748078538,2056
1974554477,2057
1049666572,2058
1492337783,2059
2004736503,2060
1530401500,2061
1103736752,2062
1401655547,2063
1921526063,2064
2310631236,2065
1367060291,2066
1662372478,2067
2927763191,2068
2030324929,2069
2131076035,2070
1028361134,2071
2263252088,2072
1576588187,2073
2139543168,2074
2233374470,2075
2048833230,2076
2218457905,2077
503583266,2078
1430098236,2079
2198436954,2080
2306061643,2081
2115102557,2082
1774997849,2083
963937583,2084
1638503230,2085
879275362,2086
1360885802,2087
1825080163,2088
2082033258,2089
1492357534,2090
1640306203,2091
1441125013,2092
1947656369,2093
1822427019,2094
1638190161,2095
1812935725,2096
422125560,2097
2243105527,2098
1953130384,2099
2253769776,2100
2962831551,2101
1543583035,2102
2276462128,2103
1747920753,2104
2001446115,2105
2274881984,2106
1033381617,2107
2284447455,2108
1913031043,2109
1835340761,2110
1973942392,2111
197116250,2112
853892637,2113
1825436951,2114
1529682305,2115
1297860416,2116
1982801024,2117
1341296264,2118
2022449039,2119
2948608632,2120
2985012316,2121
1514907734,2122
2104993806,2123
1539768455,2124
1396363532,2125
2313100075,2126
1275991227,2127
1520116755,2128
536759614,2129
1580610318,2130
2092292088,2131
1814583038,2132
803635032,2133
865440135,2134
1446367860,2135
1730126092,2136
2135122262,2137
1405816575,2138
1146523961,2139
1605536541,2140
2270829249,2141
213071834,2142
2342251587,2143
1260828049,2144
1950743255,2145
1475062208,2146
2246034304,2147
1296177204,2148
1416408678,2149
2098251200,2150
3033475011,2151
1913425736,2152
1611253938,2153
963727860,2154
2927514457,2155
1248274372,2156
2290590732,2157
2346986363,2158
2578091230,2159
2144098795,2160
639802106,2161
1931662322,2162
1738763867,2163
1551971426,2164
1998971499,2165
2357637927,2166
2978607106,2167
1668758512,2168
2157558053,2169
1718387922,2170
2039025731,2171
1322619243,2172
1523181508,2173
1691692885,2174
2140107381,2175
2750352755,2176
1803553135,2177
1817563024,2178
2977528825,2179
1531939053,2180
1023691966,2181
1494578073,2182
33450783,2183
1183963198,2184
2044957237,2185
2066576356,2186
819127514,2187
1361512578,2188
1593095681,2189
2038179693,2190
1565736263,2191
1063228602,2192
2148840543,2193
2186295999,2194
2313776869,2195
845589837,2196
2987983285,2197
2139775809,2198
2997580479,2199
1118193390,2200
1465662447,2201
1644467221,2202
1527701418,2203
647656583,2204
1661742136,2205
1713107808,2206
1102133979,2207
1508843320,2208
1432886453,2209
1468177591,2210
1417724875,2211
1753476161,2212
592303390,2213
866204856,2214
1091303986,2215
1396993438,2216
1916813570,2217
2346030274,2218
1184872102,2219
1903756550,2220
1362666260,2221
1681694633,2222
1336783787,2223
646120241,2224
2157824825,2225
2514178358,2226
1947072426,2227
2093856803,2228
1009348403,2229
1389695466,2230
1433420012,2231
1981295288,2232
1557050534,2233
1736690097,2234
2579690368,2235
1963654519,2236
1409016917,2237
1613591740,2238
1685057977,2239
2129875678,2240
2937622335,2241
1491173610,2242
2075878950,2243
2309804321,2244
776253970,2245
249660323,2246
1554314365,2247
1641079889,2248
1213251656,2249
2719097106,2250
1446225021,2251
2221511661,2252
921539390,2253
2029026114,2254
1580626466,2255
1313508451,2256
1589536119,2257
867160865,2258
2214069525,2259
1495923769,2260
2103283740,2261
2839021926,2262
1587078281,2263
1516783777,2264
2228347887,2265
2923645193,2266
2108136103,2267
2954455101,2268
2306104691,2269
502276699,2270
1974339139,2271
1334686418,2272
2970391038,2273
1684344438,2274
211254577,2275
1652092964,2276
1941901183,2277
2106512142,2278
2246181374,2279
2026518009,2280
757025065,2281
1433627399,2282
1243496903,2283
2977067263,2284
1226027149,2285
353869764,2286
1275189797,2287
1426238483,2288
784020308,2289
1990668067,2290
1900526139,2291
2059877620,2292
1629137932,2293
1500844081,2294
1646412189,2295
1615058737,2296
2233590979,2297
855937994,2298
2036126614,2299
1974128084,2300
1695646426,2301
988130367,2302
2130185156,2303
2096667763,2304
2940931965,2305
1539949819,2306
632960445,2307
2228929506,2308
1328513045,2309
1079310572,2310
2085663882,2311
372806553,2312
1423344314,2313
1520375792,2314
573190817,2315
1978675327,2316
831711185,2317
2326882532,2318
1577679454,2319
953399267,2320
2240996845,2321
1705941580,2322
2045222325,2323
1407694057,2324
1213119457,2325
1671369968,2326
1401273157,2327
2142758236,2328
2190176694,2329
2068125479,2330
1486262653,2331
1463459817,2332
1566180372,2333
2130053233,2334
2220204635,2335
2531742328,2336
2007076999,2337
1528228324,2338
1715825035,2339
1749403347,2340
1233887124,2341
2259146704,2342
1534650247,2343
1598097338,2344
1757946892,2345
2287011084,2346
1731064448,2347
2277583009,2348
2118021054,2349
1665462838,2350
2872278669,2351
752711952,2352
1573844381,2353
2371257574,2354
1000007969,2355
2514901709,2356
1245981571,2357
1582733842,2358
2295383557,2359
2038654161,2360
901118097,2361
1583831069,2362
1455685742,2363
2060293974,2364
1933977562,2365
1588038616,2366
2007523671,2367
2256056361,2368
644525339,2369
2519435195,2370
1134380580,2371
1906350422,2372
1494977440,2373
1419937297,2374
260063273,2375
1415133373,2376
1142391804,2377
2296499847,2378
2115523119,2379
306860020,2380
1559375513,2381
544132596,2382
1207823137,2383
2900280399,2384
1483065926,2385
2150667937,2386
1642473005,2387
1603974072,2388
1795404356,2389
1512125334,2390
1647107641,2391
2132462528,2392
375871801,2393
1764631223,2394
1549022521,2395
545925274,2396
1040672425,2397
1947739237,2398
2284583087,2399
1628914111,2400
2937710208,2401
571066750,2402
1428749340,2403
2362252454,2404
1448365902,2405
2210700616,2406
1733303857,2407
2079639205,2408
1416741669,2409
2235362998,2410
1427928803,2411
2524846484,2412
2307729814,2413
1114218951,2414
504347438,2415
2347159673,2416
2229315884,2417
1429654583,2418
2003890408,2419
1835308552,2420
1485683340,2421
1523984000,2422
2215161575,2423
2255045407,2424
2309324640,2425
2691908159,2426
47081831,2427
1931000736,2428
2320974233,2429
2708027151,2430
2601522974,2431
2134905947,2432
3068685075,2433
1700199680,2434
1775305615,2435
1200375773,2436
290620853,2437
1908148082,2438
2313897431,2439
1160467677,2440
1693684391,2441
550877805,2442
2978924089,2443
1939168109,2444
2916320199,2445
890107553,2446
1915106051,2447
2375236669,2448
1625110493,2449
1758147458,2450
565468800,2451
2003406892,2452
592367635,2453
2817326038,2454
995421808,2455
1495138595,2456
2469345234,2457
1486532361,2458
1610591195,2459
2157337707,2460
2229117656,2461
1302630158,2462
34173260,2463
2086408573,2464
2279604965,2465
847818991,2466
2119899142,2467
2137325957,2468
1532400692,2469
1163955617,2470
1384241574,2471
1945635468,2472
1910215156,2473
1428683841,2474
616673820,2475
2870599656,2476
2923794187,2477
1716653289,2478
2503710519,2479
2020359107,2480
685906033,2481
2340793482,2482
1701755701,2483
1632278503,2484
1375050412,2485
2287126967,2486
2240129568,2487
2296427226,2488
2076515168,2489
1794462898,2490
1421919066,2491
1444036908,2492
2092146487,2493
1566433627,2494
1941842368,2495
2212765998,2496
1515885135,2497
2687120370,2498
1938653168,2499
1204196203,2500
2056368849,2501
2176930559,2502
2324656983,2503
2462476671,2504
1687627623,2505
2671666753,2506
409425865,2507
705086217,2508
1632475671,2509
1215359700,2510
1436796088,2511
1067066306,2512
1709359656,2513
1205740883,2514
1641612063,2515
1706361823,2516
1950211093,2517
2329394151,2518
1954207194,2519
2147662467,2520
841172305,2521
1208136093,2522
1077346083,2523
1541062126,2524
2923651921,2525
1654021229,2526
1563899446,2527
2458609998,2528
2233130068,2529
1649367371,2530
2679383586,2531
2095921511,2532
2142730030,2533
2308261025,2534
1416647477,2535
1388800053,2536
2005384475,2537
1780665078,2538
2201407051,2539
2318411500,2540
2310886911,2541
2094038237,2542
2112538306,2543
964540464,2544
2176077800,2545
1308063568,2546
1657573203,2547
1952446796,2548
2094115079,2549
2943029620,2550
1967218901,2551
2052655143,2552
1814866769,2553
755975325,2554
2378304358,2555
1560393842,2556
1444538556,2557
1989459871,2558
1395799854,2559
532961140,2560
2273535088,2561
1513071245,2562
1207363902,2563
1312832967,2564
1834009642,2565
2312935144,2566
2974596148,2567
565099201,2568
1971325127,2569
1165755327,2570
2220168046,2571
198797772,2572
2105337116,2573
2999155588,2574
1470814429,2575
1751725788,2576
2895536377,2577
1684219761,2578
332612596,2579
1446447949,2580
2282808814,2581
1439467779,2582
2240072783,2583
2096079141,2584
844241637,2585
2364030066,2586
2951701912,2587
1645269977,2588
1980028910,2589
1731360652,2590
2868733463,2591
2268184738,2592
1571149210,2593
2000248990,2594
1964457269,2595
1451628157,2596
1609629914,2597
1911285774,2598
1992934204,2599
2967009448,2600
1805788951,2601
2218094537,2602
3030835204,2603
2138932151,2604
2679421104,2605
2680792840,2606
2872661675,2607
1713062009,2608
1639994782,2609
1973477108,2610
195724906,2611
1799956810,2612
1357373285,2613
900625504,2614
1245546537,2615
1681904393,2616
2048217728,2617
1812789820,2618
1633959636,2619
1828857670,2620
187030224,2621
1650582769,2622
1012418106,2623
1734954935,2624
1397968452,2625
1719227833,2626
1493031401,2627
2345847727,2628
2894264580,2629
2197694337,2630
2004582492,2631
1401744019,2632
2172468747,2633
1900188556,2634
1584577908,2635
870266606,2636
1375199192,2637
553790071,2638
1604467824,2639
1364912829,2640
1737043273,2641
1991455760,2642
1471310641,2643
2085135324,2644
1741496396,2645
795713912,2646
1507160593,2647
2319414386,2648
1164596388,2649
2047161502,2650
970928018,2651
2021742268,2652
2317391548,2653
335162522,2654
1014688712,2655
1185311625,2656
1707242470,2657
2150529275,2658
1568204708,2659
1743818729,2660
2062406071,2661
1606950463,2662
2923937959,2663
420402853,2664
974819651,2665
2114984003,2666
1757426070,2667
1176122020,2668
1025950894,2669
1908525215,2670
1571656695,2671
1927170192,2672
1647517568,2673
2252581092,2674
2183717247,2675
1556079565,2676
1468679355,2677
1985728205,2678
1477837598,2679
1504468708,2680
843541132,2681
1374265101,2682
1456276324,2683
1479257457,2684
455915602,2685
371173246,2686
1176077298,2687
2176069467,2688
2189199758,2689
564181527,2690
2043506939,2691
3047382663,2692
2079972137,2693
2097727879,2694
2960117099,2695
2126144939,2696
2985979281,2697
2070616632,2698
1513546650,2699
1926630883,2700
2083823487,2701
2063496058,2702
1246294363,2703
2242263053,2704
3021735824,2705
1644862428,2706
1328161130,2707
1977172664,2708
687282533,2709
1471037402,2710
2322485885,2711
2372733133,2712
1925691454,2713
1958262466,2714
1256876448,2715
2254940092,2716
1420724826,2717
2920284070,2718
1558458331,2719
41471521,2720
1586091255,2721
2039031429,2722
1497845586,2723
1558222406,2724
2135662070,2725
2195127377,2726
1471689768,2727
1986991228,2728
2188822963,2729
1744649753,2730
2681931863,2731
1946485684,2732
1643577309,2733
2410655686,2734
1819045838,2735
2976662938,2736
1918512441,2737
1237041132,2738
1012163023,2739
2122188276,2740
2238398395,2741
1330377905,2742
1968518085,2743
38567452,2744
411526462,2745
1433963547,2746
264270107,2747
1954240781,2748
2263769851,2749
1316949508,2750
1386195396,2751
1509291989,2752
1552938415,2753
2091754482,2754
1668457640,2755
1065478166,2756
1549381311,2757
2097144103,2758
2303853633,2759
2361040975,2760
998422918,2761
1522714048,2762
2017873030,2763
324138167,2764
2155125649,2765
2734051337,2766
2308445085,2767
1287295281,2768
2940218894,2769
575380914,2770
339038265,2771
812660549,2772
1925155596,2773
2976475078,2774
2952633956,2775
1628453042,2776
1033931038,2777
539907334,2778
468281119,2779
1984731692,2780
1504001049,2781
1941421249,2782
2048992703,2783
1755888963,2784
1800198708,2785
1657915347,2786
2951586977,2787
1431736004,2788
1358901072,2789
2892298755,2790
2120533966,2791
1702656023,2792
2158183015,2793
1644700121,2794
1095161043,2795
1659242262,2796
986384161,2797
1448103910,2798
1641048596,2799
1364118117,2800
849645298,2801
2280294264,2802
608731274,2803
1324852227,2804
2039420970,2805
2001173455,2806
2462439787,2807
387815688,2808
2215338063,2809
1574329442,2810
2213408522,2811
1493215522,2812
1942551953,2813
2079086529,2814
1503016726,2815
1915615583,2816
2652424014,2817
700828840,2818
1728868999,2819
1627092921,2820
1652483808,2821
593384539,2822
2932829899,2823
1503880119,2824
2023276541,2825
1911438727,2826
1695635123,2827
2252629601,2828
1633474309,2829
2167025372,2830
1250250830,2831
1717976827,2832
2933086751,2833
1605380509,2834
2027044613,2835
2273925042,2836
1916405788,2837
1472531757,2838
2307150104,2839
2253315966,2840
2134736968,2841
1639634855,2842
1931492394,2843
1412953816,2844
1434787380,2845
1414191438,2846
1760365691,2847
1337873428,2848
1274330059,2849
994669050,2850
1916325016,2851
2300343727,2852
537409245,2853
1485935762,2854
486400150,2855
1800426828,2856
2884022653,2857
2020604030,2858
1134419535,2859
484489507,2860
2166564349,2861
1322204597,2862
1124689950,2863
1392668858,2864
1714198989,2865
1790713556,2866
2972426076,2867
467697084,2868
2203705130,2869
1948658392,2870
1464121003,2871
1433800493,2872
1778682199,2873
2208283375,2874
1433733186,2875
1999901548,2876
2331195219,2877
2901815978,2878
1239763193,2879
1794399929,2880
2842285895,2881
2154788805,2882
2325786299,2883
2089844650,2884
1440227232,2885
1989515300,2886
1159818162,2887
1647653472,2888
2318429998,2889
1464512118,2890
2082678184,2891
1243537489,2892
2541514269,2893
1247900301,2894
1649999351,2895
1410858525,2896
2157602497,2897
1829118201,2898
1657072760,2899
2957950417,2900
2305837274,2901
2369717749,2902
862194542,2903
2336114798,2904
2141404172,2905
1001985775,2906
872527143,2907
1652304869,2908
1541964633,2909
2035407589,2910
2343833052,2911
2154578873,2912
1997348376,2913
1771276454,2914
1203991168,2915
2054217627,2916
1635834901,2917
1784442881,2918
1459311336,2919
1418858897,2920
1554470996,2921
1467429744,2922
563790103,2923
1810719018,2924
2151222055,2925
1728947809,2926
641198034,2927
350765793,2928
1286118264,2929
2719150684,2930
1795913746,2931
1166944476,2932
2969183025,2933
1669100063,2934
1635131168,2935
2022553850,2936
1035314646,2937
1718992577,2938
1773072488,2939
1317079892,2940
1242744836,2941
2590173546,2942
2079480269,2943
1796427235,2944
2046275571,2945
184859812,2946
2210755389,2947
1432160095,2948
1221752136,2949
631294631,2950
1362877599,2951
2207440525,2952
1009834856,2953
1636571237,2954
2105379632,2955
1372148053,2956
2112142075,2957
722640224,2958
2323773627,2959
2362059473,2960
2125479577,2961
2313555219,2962
2256331526,2963
482240395,2964
1928680340,2965
2961544153,2966
2067407350,2967
827689897,2968
366183347,2969
1582549911,2970
2503649939,2971
1644009838,2972
1038335482,2973
1431898777,2974
197997900,2975
1792905572,2976
1365698154,2977
1247897996,2978
633243844,2979
2158089682,2980
2104628363,2981
2043665301,2982
1694400630,2983
1522393805,2984
1566567726,2985
2126167189,2986
2958656111,2987
1955055763,2988
1114614884,2989
1980648267,2990
2209370250,2991
1463310553,2992
1734587390,2993
1484318069,2994
1415957745,2995
1736862508,2996
2079816797,2997
1782202819,2998
802825023,2999
2866521387,3000
1234493142,3001
2150509095,3002
1364450860,3003
2851004086,3004
1512449773,3005
2274912344,3006
1254098783,3007
2273569676,3008
1477027303,3009
2202662814,3010
667181539,3011
1234930914,3012
2139791191,3013
2058951008,3014
1430802675,3015
2041692223,3016
469322542,3017
1494087109,3018
1427845693,3019
1514336131,3020
520247820,3021
1764387999,3022
713311212,3023
1959097534,3024
2239402840,3025
1474049244,3026
2787738513,3027
1963790678,3028
2696023555,3029
2091381953,3030
1009197741,3031
1040621176,3032
1589268173,3033
1263575065,3034
1416376649,3035
1510508215,3036
901626654,3037
1923269509,3038
2224249826,3039
2540911611,3040
586605687,3041
1553891269,3042
1552421304,3043
187954702,3044
386062231,3045
1453372431,3046
1052521438,3047
2970195475,3048
507414992,3049
2021640763,3050
1495550526,3051
1690367473,3052
1647798022,3053
1820679033,3054
2166144722,3055
1109055387,3056
2014196418,3057
2121424737,3058
1481966768,3059
557173770,3060
2278986098,3061
783210409,3062
2266046794,3063
2173162620,3064
1947827284,3065
1419731032,3066
315654089,3067
2115883499,3068
2090184108,3069
2877461100,3070
2280271325,3071
1601493219,3072
1958595557,3073
2154613880,3074
2182148985,3075
2022855355,3076
635698976,3077
1916933938,3078
2489491346,3079
1109268737,3080
1181762939,3081
491351056,3082
2310760186,3083
1334356703,3084
2082891728,3085
1243532849,3086
1577769665,3087
2105509767,3088
2160890754,3089
1662825452,3090
1540331726,3091
2167281765,3092
3041011527,3093
2024662098,3094
1931736584,3095
2519762469,3096
1597501144,3097
1618373237,3098
1262040390,3099
2216734263,3100
2325541692,3101
1506840859,3102
1666333400,3103
1583885356,3104
1526944937,3105
1707895844,3106
506359193,3107
2094880163,3108
1984445872,3109
2223750157,3110
1756366364,3111
2271356298,3112
2980848557,3113
1917040445,3114
1519996095,3115
1938250993,3116
1234489295,3117
1819719352,3118
182420928,3119
797490669,3120
2178458173,3121
2277164574,3122
2112851122,3123
1810010872,3124
189659096,3125
1914505486,3126
1456670047,3127
1980146332,3128
728193703,3129
2150631331,3130
2070622776,3131
2089609247,3132
1764136310,3133
2108430692,3134
1736641003,3135
2295735496,3136
2066342381,3137
1643781231,3138
1745884833,3139
1275808200,3140
1115433231,3141
1036604923,3142
2977977866,3143
2201050985,3144
2130824407,3145
2224268437,3146
1720873271,3147
630588544,3148
530560985,3149
1531352296,3150
1519361967,3151
2398156422,3152
1636361664,3153
2087476953,3154
1447415916,3155
1346028543,3156
1733146611,3157
1389002267,3158
2970993844,3159
1963285781,3160
1914542230,3161
1156153158,3162
1965819944,3163
2158998784,3164
1641875101,3165
1933750862,3166
950506107,3167
1190061123,3168
1532546298,3169
2134331665,3170
2748603396,3171
2227172693,3172
1627662247,3173
1461683381,3174
1525000708,3175
1208913909,3176
2974819391,3177
1081106837,3178
1792767274,3179
1982031919,3180
1461738666,3181
1703809948,3182
2271311647,3183
1480911312,3184
1445675742,3185
340273537,3186
2261491078,3187
2966629395,3188
2194838733,3189
1495799563,3190
1025875867,3191
1643006515,3192
534367863,3193
1804344584,3194
1236735423,3195
2069808838,3196
1725024583,3197
545329603,3198
1690386011,3199
2224238568,3200
2106211006,3201
1732697637,3202
2534797089,3203
1200076552,3204
2998101290,3205
2352238768,3206
1759463364,3207
2871909999,3208
450126992,3209
1012828170,3210
1756569752,3211
1209004914,3212
791871786,3213
1609047614,3214
2011139059,3215
1224934715,3216
1545468647,3217
1695657237,3218
2044332432,3219
1628366543,3220
1835300014,3221
1545490428,3222
1453386725,3223
2123918371,3224
1792994086,3225
1748520209,3226
2254392842,3227
1628118100,3228
2268909058,3229
723849797,3230
268627330,3231
1689588864,3232
1398754654,3233
738510025,3234
2946940852,3235
2308128813,3236
1256714193,3237
2058157790,3238
1317593115,3239
1508974992,3240
1084990320,3241
1961216052,3242
1774605151,3243
1723680313,3244
1915698031,3245
1671022358,3246
2063626300,3247
1750134159,3248
1922942027,3249
2165174099,3250
462181036,3251
2422101973,3252
2194206419,3253
2047134043,3254
2001093183,3255
2118940614,3256
1722026703,3257
1953120280,3258
2197492542,3259
977878643,3260
3001471390,3261
1454010603,3262
2039523387,3263
2470389145,3264
1833736124,3265
402792923,3266
1550898461,3267
1552990760,3268
2052309900,3269
2132621370,3270
1213832572,3271
2460020947,3272
1633503570,3273
850404432,3274
194813064,3275
1666697740,3276
1541525271,3277
1494844164,3278
612334759,3279
1699324299,3280
469168839,3281
2950907871,3282
1617597306,3283
1698127986,3284
1924165485,3285
1277118409,3286
1204014409,3287
2947301859,3288
2324688736,3289
2884561908,3290
1374195899,3291
2306061054,3292
1924149914,3293
1621319486,3294
1196587402,3295
2078609747,3296
1328269059,3297
654960669,3298
2256175849,3299
2136425560,3300
1903940926,3301
2271332136,3302
1457429988,3303
1010061747,3304
490247610,3305
1583447072,3306
2059178400,3307
1816723399,3308
2360523808,3309
2302473664,3310
1528164981,3311
1952223299,3312
2308797227,3313
1677514548,3314
2118583779,3315
2330186626,3316
821691066,3317
1384626278,3318
2244560320,3319
2125826983,3320
1391963688,3321
569798851,3322
2276126746,3323
1530119134,3324
1317281918,3325
1236926359,3326
455921198,3327
2581729002,3328
1725065759,3329
304228886,3330
2112546077,3331
2039249582,3332
1418786362,3333
771648322,3334
1255606218,3335
1269634369,3336
1328760658,3337
1564677339,3338
1520922263,3339
1723606840,3340
1788132224,3341
1954620938,3342
2212152103,3343
1550146259,3344
2301909261,3345
1382075580,3346
1628888217,3347
2089919599,3348
1610711002,3349
1499054311,3350
2238320468,3351
1710805864,3352
1959914070,3353
2159519626,3354
1980337975,3355
1691288916,3356
1968518173,3357
1700080754,3358
2118082748,3359
2281055879,3360
1284163074,3361
565127963,3362
1983422506,3363
1439024603,3364
2875167814,3365
2251092739,3366
1704968987,3367
1992456707,3368
2276203597,3369
904814896,3370
2938308915,3371
1960314043,3372
1942752059,3373
2936063484,3374
2112894905,3375
2733972081,3376
1564749492,3377
1748474502,3378
644485231,3379
508142973,3380
1653602656,3381
1992187896,3382
2022277281,3383
2295617082,3384
1600447086,3385
2267052232,3386
2871456566,3387
3060035323,3388
1670872270,3389
773012028,3390
1163404807,3391
1553149133,3392
2358185080,3393
1949801517,3394
1281687445,3395
1830621474,3396
1563697992,3397
2284749626,3398
2052136986,3399
2222454350,3400
1969498373,3401
2264572913,3402
1386431347,3403
1292135982,3404
2005099131,3405
1602475581,3406
1490405931,3407
1511382953,3408
1976951333,3409
2188823642,3410
2208233615,3411
639222372,3412
1503757415,3413
1689454681,3414
1215228084,3415
2372344310,3416
1991523586,3417
1384749779,3418
1930618028,3419
1524168747,3420
1557709544,3421
2274026313,3422
1802306931,3423
1682544383,3424
399393784,3425
2331057227,3426
2069019366,3427
1806252717,3428
390797789,3429
2017043345,3430
1704836918,3431
1538246482,3432
2675368027,3433
1589827883,3434
2202507535,3435
729275996,3436
1585556302,3437
1564638682,3438
1398676763,3439
1816939998,3440
2021394705,3441
1571286394,3442
1555097307,3443
592227119,3444
2028628513,3445
1383495209,3446
2135064561,3447
1687695925,3448
2362091069,3449
1742006253,3450
2148259237,3451
1505995609,3452
1928020945,3453
2272885982,3454
2263162743,3455
52720978,3456
2002104927,3457
1584690818,3458
2036275803,3459
1486867555,3460
2314068476,3461
1414020943,3462
1694042998,3463
1258482944,3464
1416443274,3465
1571557960,3466
979936329,3467
2254675747,3468
1811789128,3469
2201196597,3470
2953449309,3471
2903146760,3472
2953745837,3473
2137803600,3474
675360272,3475
1292319437,3476
766778207,3477
2141834265,3478
335294367,3479
1604600219,3480
1919773945,3481
1684936651,3482
1921694679,3483
575807691,3484
1662685600,3485
2058344334,3486
1945894711,3487
2136449313,3488
2221974935,3489
2155516201,3490
1046229052,3491
1122308211,3492
2122833832,3493
2253791446,3494
1561792608,3495
2092436430,3496
2230350133,3497
1616378852,3498
2068085820,3499
1939732676,3500
1013483877,3501
1831705789,3502
3005902328,3503
2051169261,3504
1171660051,3505
2336150276,3506
2011571610,3507
2112110768,3508
1324719235,3509
1770032738,3510
2268576836,3511
2004244205,3512
1947405314,3513
1336019849,3514
1603058918,3515
1771332663,3516
2339662197,3517
1901772929,3518
1198610072,3519
2303887816,3520
2288153429,3521
1099632230,3522
1559216504,3523
1104247079,3524
1992349029,3525
2200619048,3526
1228541535,3527
2691668232,3528
2944368981,3529
1724338085,3530
2149019598,3531
2130468875,3532
1419450468,3533
2300633504,3534
621304006,3535
2076997798,3536
2280277426,3537
2279576321,3538
1831833730,3539
1972106154,3540
1386694697,3541
1509149252,3542
2300622565,3543
2210038009,3544
633397421,3545
692169916,3546
2526471876,3547
1925139338,3548
1916581680,3549
2881910498,3550
2082959490,3551
1796595904,3552
1690319972,3553
1402944371,3554
1466880005,3555
49210087,3556
2003930938,3557
475477343,3558
1450273473,3559
2157355959,3560
2978037479,3561
1595172050,3562
1453463900,3563
2841634105,3564
1660540004,3565
1309919031,3566
2341731251,3567
1231149367,3568
1483087075,3569
1640297676,3570
2224727105,3571
1576993291,3572
1822245778,3573
2194048416,3574
1430315735,3575
1180849741,3576
1418648648,3577
1822603755,3578
2938140920,3579
1968766200,3580
2956534968,3581
1562150482,3582
2571076005,3583
778454282,3584
228746053,3585
1994213619,3586
2016572359,3587
1431442183,3588
461452958,3589
1595284239,3590
654690351,3591
1462456544,3592
1986182726,3593
2902841131,3594
2218911308,3595
1079391024,3596
619155571,3597
655013035,3598
584144087,3599
1535932747,3600
1975525355,3601
2785357728,3602
1993422126,3603
2966692688,3604
1278084438,3605
2238138717,3606
1961245521,3607
1572066162,3608
1271257915,3609
1960522033,3610
1943868928,3611
602363743,3612
1182023177,3613
2228986269,3614
1959399674,3615
33995802,3616
1605485931,3617
2025406979,3618
1478918168,3619
2272822382,3620
2135355255,3621
1450375286,3622
2244135063,3623
1037218619,3624
2316009873,3625
1709117686,3626
2000141114,3627
1640714523,3628
2329975722,3629
408902520,3630
1566338907,3631
2322006304,3632
1148794223,3633
2727204163,3634
2282556897,3635
2019479033,3636
1668747887,3637
2349173003,3638
1013697055,3639
2714127661,3640
1501404799,3641
723794785,3642
2116618096,3643
1783088536,3644
409416700,3645
1672025260,3646
1207539030,3647
1507721869,3648
1574430638,3649
1980617051,3650
1824546482,3651
1044284990,3652
1415563834,3653
2278235102,3654
1965655651,3655
2315794715,3656
405022750,3657
1690714993,3658
1644239137,3659
1282937549,3660
2150550009,3661
2100520865,3662
560938013,3663
2950067272,3664
1137993211,3665
1964687892,3666
53722817,3667
1973211878,3668
545570009,3669
2001094745,3670
1410479811,3671
2175415554,3672
1997954935,3673
2913973682,3674
1630670208,3675
1695862744,3676
1816337588,3677
1354327721,3678
1695588588,3679
1329746673,3680
487720697,3681
1615181030,3682
1664487727,3683
1707423104,3684
2353305279,3685
2308042167,3686
1417405017,3687
1697829924,3688
1666111510,3689
1390768094,3690
1292295156,3691
1479945680,3692
1622616172,3693
1457239226,3694
2860455147,3695
1978221807,3696
1470626468,3697
900682533,3698
2215901083,3699
1437701844,3700
2290798438,3701
1596977597,3702
1598823774,3703
2233306879,3704
1948431560,3705
1574709186,3706
2004681071,3707
1533767633,3708
2898640404,3709
1523349610,3710
2960974487,3711
1622100962,3712
1316228359,3713
520894831,3714
2231517443,3715
2283289573,3716
1500186891,3717
2262552269,3718
1596130605,3719
952528793,3720
1760333494,3721
2961443705,3722
2650230470,3723
649528978,3724
2211370020,3725
1826570466,3726
1997525458,3727
1417371905,3728
1184614887,3729
1456599713,3730
1018022129,3731
2030873103,3732
1667906757,3733
1604333632,3734
540586472,3735
2000160206,3736
1837288925,3737
395187016,3738
1577025511,3739
2030978143,3740
530740858,3741
1632479377,3742
1688218160,3743
2846073751,3744
1663814871,3745
2536721462,3746
1908081809,3747
2247358044,3748
1280919096,3749
2323301105,3750
1352999817,3751
1479348170,3752
860477049,3753
1601018264,3754
2134812304,3755
2240750959,3756
1545555402,3757
1563270238,3758
1578109563,3759
2004164097,3760
2178977976,3761
2253893424,3762
2711755098,3763
1670967147,3764
1767597827,3765
2746794162,3766
1553474092,3767
1593601865,3768
773267950,3769
2950421006,3770
2074154768,3771
2894592156,3772
501111787,3773
1333307680,3774
1669212419,3775
1449253086,3776
1785316151,3777
2341981102,3778
2044979468,3779
1669646235,3780
2045942966,3781
1434864564,3782
2310812787,3783
1682550223,3784
2107810789,3785
2956540827,3786
1658185276,3787
2906790607,3788
1956128360,3789
813723001,3790
1997444697,3791
1506369276,3792
1777279183,3793
2035512486,3794
1655724141,3795
2253885431,3796
2320093709,3797
2237821997,3798
2038130554,3799
2178628645,3800
795338094,3801
2130552006,3802
2042553718,3803
2931598949,3804
1512548564,3805
2306628357,3806
2966734758,3807
2905017080,3808
664473976,3809
1958601800,3810
2216222273,3811
1696286276,3812
3019024052,3813
2109706920,3814
1724679659,3815
1165371928,3816
1752963448,3817
1695740508,3818
1001870000,3819
2345294365,3820
1366252344,3821
692181230,3822
2090975507,3823
605177985,3824
1637059555,3825
1770324459,3826
2100511057,3827
1023200070,3828
2142151961,3829
1408587908,3830
1306350593,3831
1129741212,3832
36048359,3833
2103973152,3834
1165672428,3835
188992441,3836
2023938335,3837
595136591,3838
1827608765,3839
2072181062,3840
1932994330,3841
2907453536,3842
1618562806,3843
1312623404,3844
1738401923,3845
2597454759,3846
1561407856,3847
650828583,3848
2532631734,3849
2099381582,3850
2285647065,3851
1590797505,3852
1923230753,3853
2316804823,3854
1375435117,3855
1692058542,3856
595032150,3857
479080294,3858
472151307,3859
1524358741,3860
2216947970,3861
1668584039,3862
2051902013,3863
1727763138,3864
1701330478,3865
1573495063,3866
493591083,3867
2066337919,3868
2526887294,3869
1088476031,3870
1927818236,3871
2937204600,3872
1927289264,3873
2077315051,3874
1787339682,3875
1478713861,3876
1559233913,3877
1593605167,3878
1949803316,3879
1724440082,3880
1405315748,3881
788117384,3882
2004875112,3883
2256325552,3884
458647985,3885
701955449,3886
1661434496,3887
2111270649,3888
1649098867,3889
2219793510,3890
1969466093,3891
2267377184,3892
2026206514,3893
1318314381,3894
1973018286,3895
2244461821,3896
1542385419,3897
2037609916,3898
1650856746,3899
2267192131,3900
1491290157,3901
2273500386,3902
1516738686,3903
2368460823,3904
363353,3905
1628877317,3906
1818861401,3907
2113328279,3908
1998931324,3909
1819385304,3910
2943008654,3911
1995969434,3912
2864841529,3913
2927223243,3914
1562307595,3915
1511883313,3916
1927815709,3917
1815634322,3918
1587756140,3919
1745988727,3920
1654453120,3921
2127027360,3922
1555433168,3923
1759816296,3924
2261379697,3925
2059056452,3926
1327906797,3927
1442994630,3928
1387030266,3929
2088601619,3930
1689463309,3931
1532318194,3932
1444732393,3933
1619107415,3934
1317220599,3935
825490219,3936
2965487876,3937
2300820453,3938
1594600858,3939
2234267720,3940
1927663636,3941
1462942033,3942
2338807684,3943
2374783020,3944
2977429746,3945
2042926531,3946
1428127529,3947
1907734400,3948
2022317104,3949
2012966585,3950
1998889862,3951
2064410276,3952
1436192261,3953
1719145277,3954
609241771,3955
1481076844,3956
1504067576,3957
2266024768,3958
2066801531,3959
1541307647,3960
1577677253,3961
2246109882,3962
245629854,3963
2242096892,3964
2274057267,3965
2087839287,3966
2285444426,3967
1587055149,3968
2770821134,3969
1576099623,3970
1731200277,3971
2351830285,3972
2862927130,3973
1633885502,3974
2650590278,3975
517461190,3976
1558575510,3977
2131669370,3978
2334659782,3979
1522258582,3980
1410485403,3981
2137861462,3982
1549385901,3983
2175534393,3984
2300431924,3985
1700199068,3986
1338557198,3987
1513388529,3988
1734774242,3989
55917876,3990
2033861268,3991
2394550340,3992
193973560,3993
2225228093,3994
2239905061,3995
2961083612,3996
1112675411,3997
2117673297,3998
1691637200,3999
1833793152,4000
2026218977,4001
1565312559,4002
1649604286,4003
1940447132,4004
1957348705,4005
2310426588,4006
1161845024,4007
2136816842,4008
1752613116,4009
2851068671,4010
1711792799,4011
1651052590,4012
2273202010,4013
2159017340,4014
2132837815,4015
2761430448,4016
1316037408,4017
2121455625,4018
2267741019,4019
660045307,4020
1413698648,4021
1211019506,4022
1707200625,4023
1297277685,4024
1255198213,4025
1609471714,4026
1369200417,4027
1467124761,4028
1478928753,4029
1580522398,4030
2549998502,4031
2080840080,4032
746821488,4033
2008704739,4034
2029824470,4035
2239866875,4036
2532001465,4037
192784520,4038
